[?25l[0m[38;5;234;48;5;234m         [38;5;235m▄[38;5;236m▄[38;5;237m▃[38;5;236m▂▁       [38;5;234;48;5;235m▘[38;5;235;48;5;234m▅[48;5;235m        [38;5;236m▅▄▄[48;5;236m  [38;5;237m▄▅▄▃▄▄▄  [38;5;236;48;5;235m▆▅    [38;5;235;48;5;234m▅▆          ▃[38;5;236m▃▃▃[38;5;235m▖            [0m
[38;5;234;48;5;236m▔▔ [38;5;236;48;5;235m▆[48;5;234m▆▂▄▖[38;5;235m▃ ▔[38;5;234;48;5;236m▅[38;5;235;48;5;60m▊[38;5;103;48;5;236m▖[48;5;235m  [38;5;235;48;5;234m▃▁▁▂[38;5;234;48;5;235m▘       [38;5;236m▅▆[48;5;236m    [38;5;237m▗[48;5;237m [38;5;8m▄[38;5;67;48;5;8m▂[38;5;251;48;5;238m▄[38;5;188;48;5;239m▅[48;5;240m▅[38;5;252;48;5;238m▅[38;5;7m▃[38;5;60;48;5;8m▁[48;5;237m [48;5;236m   [38;5;236;48;5;235m▖      [38;5;235;48;5;234m▄▁▏▃[48;5;235m  [38;5;234;48;5;236m▄▅▅▅▆[48;5;235m▆[38;5;235;48;5;234m▔           ▁[0m
[38;5;235;48;5;235m [38;5;236m▔▔[38;5;235;48;5;236m▅▄▄▄▂▃[38;5;236;48;5;235m▗[48;5;234m▄▂[38;5;237m▂[38;5;103;48;5;235m▝[38;5;244;48;5;237m▖[38;5;235;48;5;234m▁▄[38;5;236;48;5;235m▔[38;5;235;48;5;237m▆▄▃[38;5;236;48;5;235m▖▏ [38;5;237m▗[38;5;8m▖[38;5;237;48;5;236m▁      [48;5;237m  [38;5;238;48;5;8m▗[38;5;252;48;5;60m▗[38;5;250;48;5;188m▔[38;5;252m▃ [38;5;188;48;5;252m▅[48;5;188m [38;5;253m▆[38;5;66m▝[48;5;238m▎[38;5;8;48;5;237m▖[38;5;237;48;5;236m▃  [38;5;236;48;5;235m▖      [38;5;238m▁[38;5;237m▁ [38;5;235;48;5;234m▅▂▄    [38;5;236m▁[38;5;235m▁[38;5;236m▂▃[38;5;234;48;5;236m▘  [38;5;235m▔▔▖[48;5;235m    [0m
[38;5;235;48;5;235m [38;5;234m▗[38;5;232;48;5;234m▃[48;5;233m▆[48;5;234m▄[48;5;235m▂ [38;5;233m▗[38;5;234m▏   [38;5;237m▔[38;5;234m▕[38;5;239;48;5;234m▔[38;5;240;48;5;236m▍[38;5;236;48;5;235m▁▁▂[38;5;237m▂▂ [38;5;236m▂[38;5;232;48;5;236m▂[48;5;233m [38;5;234;48;5;232m▂[38;5;232;48;5;238m▆[38;5;234;48;5;236m▖   [38;5;236;48;5;237m▍  [48;5;8m [38;5;238;48;5;239m▊[38;5;60;48;5;188m▎  [38;5;253m▆[38;5;250;48;5;253m▁[38;5;253;48;5;188m▅ [38;5;188;48;5;253m▘[38;5;252;48;5;239m▍[38;5;238;48;5;8m▌[48;5;237m [38;5;237;48;5;236m▌   [38;5;238m▂[38;5;236;48;5;235m▏[38;5;238;48;5;236m▕[38;5;240m▖ [38;5;238;48;5;234m▔[48;5;233m [38;5;233;48;5;235m▖   [38;5;237m▁ [38;5;236m▖▝[38;5;235;48;5;237m▄▅[48;5;236m▆▆▆▄[48;5;235m   [38;5;236m▔  ▂▃[0m
[38;5;233;48;5;236m▆[38;5;232;48;5;235m▅[38;5;233m▅[38;5;234;48;5;233m▘[38;5;236m▄[38;5;235;48;5;232m▄[38;5;232;48;5;234m▂[38;5;233;48;5;232m▏[38;5;235m▝[38;5;234;48;5;236m▂[48;5;235m [38;5;236m▅▅▄[38;5;234;48;5;236m▕[38;5;237;48;5;234m▔[38;5;235;48;5;236m▁[38;5;236;48;5;237m▃▃▃▁[38;5;233m▗[38;5;232;48;5;235m▆[38;5;233;48;5;232m▁[38;5;234m▂[38;5;236m▝[38;5;233m▁[38;5;235;48;5;233m▝[38;5;236;48;5;8m▔[38;5;239;48;5;237m▆▄▅▂[38;5;60m▄[38;5;239;48;5;8m▃[48;5;238m▂[38;5;188;48;5;60m▝[38;5;242;48;5;252m▁[38;5;234;48;5;7m▃[38;5;233;48;5;244m▆[38;5;244;48;5;234m▝[38;5;235;48;5;252m▅[38;5;242;48;5;188m▖[38;5;67m▗[48;5;239m▏[38;5;239;48;5;238m▗[48;5;237m▃[38;5;238;48;5;236m▃▄▅[38;5;239;48;5;237m▖[38;5;235;48;5;236m▏[38;5;237m▅[38;5;236;48;5;237m▁[38;5;8;48;5;236m▝[38;5;234;48;5;233m▔[38;5;235m▂▗▝[48;5;236m▏[48;5;237m▆[48;5;236m▆[48;5;237m▆[38;5;237;48;5;235m▔          [38;5;236m▂▅[48;5;236m [48;5;235m▘[38;5;234;48;5;236m▕[38;5;233;48;5;235m▆[0m
[38;5;234;48;5;232m▅[38;5;236;48;5;233m▅[38;5;237m▖[38;5;233;48;5;234m▂[38;5;235;48;5;233m▔[38;5;233;48;5;232m▏▂[38;5;232;48;5;233m▅▖[38;5;233;48;5;232m▅[38;5;235;48;5;233m▝[38;5;233;48;5;236m▃[38;5;235m▁  [38;5;234;48;5;235m▋[38;5;8;48;5;234m▝[38;5;237;48;5;236m▖ [38;5;236;48;5;237m▆▅[38;5;233;48;5;236m▝[38;5;232;48;5;235m▊[38;5;233;48;5;8m▘[38;5;238;48;5;233m▊[38;5;233;48;5;236m▍▝[38;5;235;48;5;232m▁[38;5;238;48;5;233m▝[38;5;233;48;5;238m▂[38;5;8;48;5;237m▃  ▁▝[38;5;239;48;5;8m▂[38;5;234;48;5;239m▂[38;5;233;48;5;238m▆[38;5;236;48;5;233m▂[38;5;234m▏[38;5;236;48;5;234m▁[48;5;233m▄[38;5;60;48;5;235m▕[48;5;23m▔[38;5;240;48;5;238m▔[38;5;60;48;5;237m▔[38;5;237;48;5;239m▆[38;5;236;48;5;238m▆[48;5;237m ▁[38;5;237;48;5;235m▏[48;5;236m   [38;5;240;48;5;235m▁[38;5;237;48;5;234m▕[38;5;239;48;5;236m▆[38;5;235;48;5;8m▕[48;5;233m▗[48;5;235m [38;5;236m▃[38;5;240;48;5;8m▖[38;5;239;48;5;236m▘[38;5;235;48;5;234m▔[38;5;234;48;5;236m▖[38;5;236;48;5;235m▂▃[38;5;237m▄▄[38;5;236m▅[48;5;236m  [38;5;237m▂[38;5;236;48;5;235m▆[38;5;237m▆[48;5;236m▆[38;5;236;48;5;237m▂▂[48;5;233m▌[48;5;232m [0m
[38;5;232;48;5;232m [38;5;233m▕[38;5;234m▔  [38;5;233m▂[38;5;234;48;5;233m▃▄[48;5;232m▄▂[38;5;233m▂▔[38;5;234m▔[38;5;233;48;5;236m▆▂[38;5;236;48;5;234m▃[38;5;235;48;5;236m▔[38;5;236;48;5;233m▞[48;5;236m    [48;5;234m▖[38;5;232;48;5;236m▅[48;5;235m▆[38;5;233;48;5;232m▔[38;5;236;48;5;233m▝[38;5;235;48;5;236m▖[38;5;236;48;5;234m▆[48;5;232m▖[38;5;235m▔[38;5;234;48;5;237m▖   [38;5;239;48;5;236m▂[38;5;237m▕[38;5;238;48;5;237m▗[38;5;233m▄[38;5;236;48;5;233m▘[38;5;234;48;5;238m▄[38;5;233m▃[38;5;232;48;5;236m▃[38;5;236;48;5;8m▂[38;5;237m▅[48;5;237m  [48;5;236m [48;5;237m [48;5;236m [38;5;8;48;5;235m▏[48;5;236m  [38;5;237m▕[38;5;233;48;5;239m▗[48;5;233m [48;5;235m▆▆[48;5;236m▄[38;5;235m▏[38;5;234m▕[38;5;236;48;5;234m▝▘[38;5;235m▁[38;5;233;48;5;236m▌[38;5;237m▔       ▂▗▄▝[38;5;233m▗[48;5;232m▏[38;5;232;48;5;234m▘[0m
[38;5;234;48;5;232m▅▄[38;5;232;48;5;233m▄[38;5;234;48;5;232m▗[48;5;233m [48;5;232m [38;5;233m▄[38;5;232;48;5;234m▆▆[38;5;235;48;5;233m▔[38;5;233;48;5;234m▅[38;5;234;48;5;233m▖[38;5;232m▍[38;5;234;48;5;232m▆[38;5;233m▃[38;5;234;48;5;233m▕[38;5;23;48;5;234m▂[38;5;236;48;5;237m▏[38;5;237;48;5;234m▞[48;5;236m▄[38;5;233;48;5;237m▗[38;5;232;48;5;236m▅[38;5;16;48;5;232m▁[48;5;233m▁[48;5;232m▁[38;5;233m▕[38;5;232;48;5;233m▁[48;5;237m▋ [38;5;237;48;5;233m▊[38;5;232;48;5;235m▊[38;5;237;48;5;233m▖[38;5;235;48;5;237m▏ [38;5;8m▕[38;5;238;48;5;235m▏[38;5;234m▘[38;5;237;48;5;233m▘[38;5;238m▆[38;5;237m▖ [38;5;235m▂[38;5;237m▁[38;5;234;48;5;236m▅[48;5;237m   [48;5;236m [38;5;237m▄[38;5;235;48;5;237m▕[38;5;234;48;5;235m▏[48;5;236m  [38;5;236;48;5;239m▍[38;5;235;48;5;233m▏ [38;5;232m▖▁[48;5;232m [38;5;235m▝[38;5;234;48;5;237m▖[38;5;236;48;5;234m▄▗[38;5;234;48;5;237m▕[38;5;235;48;5;236m▏         [38;5;237m▄[38;5;233m▁[38;5;236;48;5;233m▘[38;5;233;48;5;232m▕[38;5;234;48;5;233m▃[38;5;233;48;5;232m▆[0m
[38;5;234;48;5;232m▔[38;5;16m▗[38;5;232;48;5;16m▎[38;5;16;48;5;233m▘[38;5;232m▗▄[38;5;233;48;5;232m▆[38;5;234;48;5;233m▂[38;5;233;48;5;232m▄[48;5;233m [38;5;234m▆▄   [38;5;233;48;5;236m▊[38;5;234;48;5;8m▁[38;5;23m▁[38;5;237;48;5;23m▔[38;5;8;48;5;234m▞[38;5;237m▊[38;5;233;48;5;16m▏[38;5;232m▝[38;5;16;48;5;232m▁[38;5;235m▂[38;5;237m▖[38;5;233m▝[38;5;232;48;5;16m▕[38;5;235;48;5;237m▖[38;5;234;48;5;236m▝[48;5;237m▘[38;5;235m▕[38;5;233m▎[38;5;237;48;5;23m▔  [38;5;233;48;5;237m▝[48;5;234m [48;5;236m▆[38;5;234;48;5;233m▔[38;5;233;48;5;234m▁[38;5;235;48;5;233m▔[38;5;234;48;5;237m▖[38;5;236m▁[38;5;239;48;5;236m▗[48;5;237m   [38;5;236m▂[48;5;235m▏[38;5;237;48;5;236m▄▅[38;5;236;48;5;238m▌[38;5;8;48;5;233m▘  [38;5;233;48;5;232m▗[38;5;237m▂[38;5;236m▂[38;5;234m▂[38;5;235;48;5;233m▕[38;5;233;48;5;238m▆[38;5;236;48;5;232m▕[38;5;237;48;5;23m▔[38;5;234;48;5;235m▘[38;5;237;48;5;236m▅[48;5;237m [38;5;23;48;5;236m▃[38;5;234;48;5;237m▂[38;5;232m▁[38;5;233m▁▁▁[48;5;236m▁[38;5;236;48;5;234m▃[38;5;235;48;5;232m▃[38;5;233m▂[48;5;233m  [48;5;232m▁[0m
[38;5;16;48;5;233m▆[48;5;16m [48;5;232m [48;5;233m▁[48;5;232m [38;5;233m▅▄▃[48;5;233m        [38;5;235m▕[38;5;23m▄[38;5;237;48;5;23m▏[38;5;233;48;5;237m▃[38;5;236;48;5;233m▔[38;5;232;48;5;16m▏[38;5;16;48;5;232m▊[38;5;233m▖[38;5;232;48;5;237m▄[48;5;236m▕[38;5;233;48;5;232m▗[38;5;16m▝[38;5;238;48;5;233m▝[38;5;237;48;5;238m▁[48;5;23m  ▔ ▁[38;5;236m▁[38;5;239;48;5;235m▘[38;5;235;48;5;233m▁[38;5;234m▂▁[38;5;232m▋ [38;5;234m▔[48;5;232m▔[48;5;233m▔[38;5;233;48;5;237m▖[38;5;238;48;5;23m▁[48;5;236m▖[38;5;23;48;5;235m▃[48;5;23m [38;5;235;48;5;238m▁[38;5;234;48;5;239m▂[38;5;240;48;5;233m▘  [38;5;232m▗[38;5;233;48;5;235m▊[48;5;234m▅[38;5;234;48;5;232m▔[38;5;232;48;5;234m▆[48;5;232m [48;5;233m▕[38;5;234;48;5;16m▍[38;5;236;48;5;23m▏[38;5;23;48;5;234m▎[38;5;233;48;5;236m▖[48;5;23m [38;5;236m▕[38;5;235;48;5;233m▎[38;5;233;48;5;232m▅▖[38;5;234m▗[48;5;233m▂▄▗▄[38;5;233;48;5;234m▔[38;5;234;48;5;233m▁  [0m
[38;5;232;48;5;16m▁[48;5;232m [38;5;233m▆[38;5;232;48;5;233m▔[38;5;233;48;5;232m▄▅[38;5;232;48;5;233m▁▁▁▁[38;5;233;48;5;232m▆[38;5;237;48;5;233m▝[38;5;233;48;5;237m▂[38;5;16;48;5;236m▁[38;5;238;48;5;233m▄[38;5;8m▄[38;5;233;48;5;236m▊[48;5;23m▃[38;5;237;48;5;232m▘[48;5;16m [38;5;232m▃[38;5;16;48;5;232m▘ [38;5;232;48;5;233m▏[48;5;232m [38;5;236m▝[38;5;232;48;5;233m▌[48;5;232m  [38;5;233;48;5;237m▌[38;5;236;48;5;238m▁[48;5;23m▁[38;5;235m▅▅[38;5;237;48;5;235m▔ [38;5;234;48;5;232m▏[38;5;235;48;5;234m▗[38;5;238;48;5;236m▗[38;5;235;48;5;233m▏[38;5;234m▁▃ [38;5;233;48;5;232m▊[38;5;236;48;5;233m▗[38;5;233;48;5;236m▋[38;5;8;48;5;235m▘[38;5;235;48;5;23m▘[38;5;234m▁[38;5;235m▕[38;5;234;48;5;233m▖  [38;5;235m▂[38;5;234m▖[48;5;232m [38;5;235;48;5;233m▝[38;5;233;48;5;232m▏   [38;5;232;48;5;233m▖[38;5;234;48;5;232m▕[48;5;236m [38;5;236;48;5;23m▖[38;5;235m▁[38;5;234m▅[38;5;235;48;5;233m▘[38;5;234m▂▅[38;5;233;48;5;234m▔[38;5;232m▁▂▃▄[48;5;233m  [38;5;233;48;5;232m▃▄▅[0m
[38;5;232;48;5;232m [48;5;233m▝[48;5;232m [38;5;233m▕▂▂▂▂▂▂[38;5;234m▂▃[38;5;233;48;5;16m▆[48;5;232m▆[38;5;236;48;5;233m▔[38;5;235;48;5;16m▘[38;5;232m▗[48;5;232m [48;5;16m▄[48;5;232m  [38;5;16m▘[38;5;234m▁[38;5;238;48;5;234m▄[38;5;233;48;5;232m▏[38;5;16m▝[38;5;233m▝   [48;5;233m   [38;5;234m▂▁[38;5;232m▕▋[38;5;240m▗[38;5;236;48;5;234m▔[38;5;237m▗[38;5;235;48;5;237m▔[48;5;234m [48;5;233m [38;5;236;48;5;234m▗[48;5;233m [38;5;237m▝[38;5;236m▘  [38;5;8m▗ [48;5;232m [38;5;234m▁[38;5;237;48;5;235m▊[38;5;233;48;5;232m▏ [38;5;232;48;5;233m▝[48;5;232m     [38;5;233m▁[48;5;235m▆[38;5;232m▄[48;5;233m  [38;5;233;48;5;232m▃▗▅[38;5;235;48;5;233m▁[38;5;236m▁▂[48;5;234m▂[48;5;233m▃[48;5;234m▄▄▅[48;5;233m▆[48;5;234m▆[0m
[38;5;232;48;5;232m [38;5;233m▔[38;5;232;48;5;233m▝[38;5;233;48;5;232m▝[48;5;234m▎     [38;5;235m▗[38;5;236m▅[38;5;235;48;5;233m▍[38;5;233;48;5;232m▔ ▃  [38;5;16m▝[38;5;232;48;5;237m▌[48;5;232m  [48;5;237m▋[48;5;239m [38;5;236m▔[48;5;233m▖[38;5;235m▅[38;5;233;48;5;232m▏ [38;5;232;48;5;233m▎[38;5;234m▕[38;5;235;48;5;234m▖   [38;5;236;48;5;233m▄[38;5;235;48;5;234m▖[38;5;236;48;5;235m▔[48;5;234m▕[38;5;234;48;5;8m▂▂[48;5;234m [48;5;233m [38;5;233;48;5;236m▎[38;5;235;48;5;233m▍[38;5;239;48;5;234m▗ [38;5;234;48;5;233m▅[38;5;237;48;5;234m▗[38;5;234;48;5;233m▔[48;5;232m ▁[38;5;8;48;5;233m▝[38;5;234;48;5;238m▅[38;5;235;48;5;232m▂[38;5;232;48;5;233m▘▝[48;5;232m    [48;5;233m▎[38;5;235m▝[38;5;234m▗[38;5;233;48;5;232m▏▗[38;5;234;48;5;233m▅▅▕[48;5;236m▄[38;5;235m▁  ▂[48;5;237m▆[38;5;234;48;5;236m▅▖   [0m
[38;5;16;48;5;232m▅[38;5;232;48;5;233m▖[38;5;233;48;5;232m▞▖[38;5;232;48;5;234m▌    [38;5;233m▄[38;5;235m▝[38;5;236;48;5;232m▔[38;5;234m▗[38;5;235;48;5;233m▃▖[48;5;232m   [38;5;232;48;5;16m▋[38;5;235;48;5;232m▝[38;5;16m▞[38;5;234m▕[48;5;16m▏[38;5;232;48;5;238m▅▅[48;5;236m▆[38;5;233;48;5;232m▝▖ [38;5;232;48;5;233m▎[38;5;233;48;5;232m▌[38;5;232;48;5;235m▅[38;5;233;48;5;234m▖ [38;5;239;48;5;235m▁[38;5;236;48;5;234m▏[38;5;235;48;5;233m▄[38;5;234;48;5;16m▔ ▔[38;5;233m▏[38;5;235m▝[38;5;236;48;5;233m▘[38;5;233;48;5;236m▁[38;5;234;48;5;233m▏[38;5;233;48;5;234m▊  [38;5;235m▂[38;5;236;48;5;233m▄[38;5;234;48;5;237m▔[38;5;235;48;5;232m▘[38;5;232;48;5;233m▏[38;5;233;48;5;232m▖[38;5;234m▔[38;5;233;48;5;235m▄[38;5;235;48;5;233m▗[48;5;232m▂   [38;5;232;48;5;235m▌[38;5;235;48;5;234m▏[38;5;234;48;5;236m▃[38;5;235;48;5;233m▘[38;5;232;48;5;234m▌ [38;5;233m▕▌ [38;5;60m▃[38;5;8;48;5;236m▖[38;5;234m▄[38;5;236;48;5;234m▘[38;5;234;48;5;235m▄[48;5;234m [38;5;235m▔[48;5;233m▅[48;5;236m▂[38;5;234m▃[0m
[38;5;232;48;5;232m [38;5;233m▆  [38;5;232;48;5;233m▖[38;5;233;48;5;234m▄▃▁  [48;5;235m▅[38;5;232;48;5;233m▘[38;5;233;48;5;234m▃[38;5;234;48;5;232m▘  ▗[48;5;233m▖[48;5;232m [38;5;232;48;5;16m▞[38;5;16;48;5;232m▍ ▌ [38;5;234m▕[38;5;233m▏ ▝▃[48;5;233m [38;5;234m▆[48;5;232m▄[48;5;233m▝[38;5;235;48;5;8m▊[38;5;244;48;5;235m▘[38;5;235;48;5;233m▔[38;5;233;48;5;16m▔      [38;5;232m▔[38;5;16;48;5;235m▖[38;5;235;48;5;233m▄[38;5;234m▋▔[38;5;235m▔[38;5;233;48;5;237m▅[38;5;234;48;5;236m▁[48;5;233m▌ [38;5;233;48;5;232m▅[48;5;233m [48;5;232m  [38;5;232;48;5;235m▆[38;5;237;48;5;234m▝[38;5;239;48;5;235m▗[38;5;240;48;5;232m▂[38;5;232;48;5;236m▊[38;5;236;48;5;235m▆[38;5;235;48;5;234m▁[38;5;233;48;5;232m▕[38;5;235;48;5;233m▄[38;5;233;48;5;234m▁▂[38;5;235m▁[38;5;239;48;5;235m▝[38;5;234;48;5;238m▆[48;5;233m  [38;5;233;48;5;235m▆[38;5;234;48;5;233m▘[38;5;233;48;5;234m▆ ▅▄[48;5;233m [0m
[38;5;232;48;5;232m [38;5;233m▝[38;5;232;48;5;233m▂[48;5;232m [38;5;233m▁[38;5;232;48;5;233m▄▄     [38;5;234;48;5;232m▂▄[38;5;233m▃▄[48;5;233m [48;5;232m  [38;5;232;48;5;16m▍▌▎[38;5;16;48;5;232m▌[38;5;233m▁▕▏[38;5;232;48;5;16m▕[48;5;233m▖[38;5;234m▂ ▎▁[38;5;233;48;5;234m▌ [38;5;234;48;5;232m▘[48;5;16m         [38;5;232m▔[38;5;16;48;5;235m▅[38;5;233;48;5;234m▖[38;5;235;48;5;233m▍ [38;5;234m▁[38;5;60;48;5;236m▝[38;5;235;48;5;234m▖[48;5;233m  [38;5;232m▊▕[48;5;232m  [38;5;233m▄ [38;5;240;48;5;233m▔[38;5;233;48;5;236m▅[38;5;235;48;5;237m▁[38;5;236;48;5;235m▌[48;5;234m [38;5;233;48;5;235m▆[38;5;234;48;5;233m▗[38;5;237m▁[48;5;235m▝[48;5;234m  [38;5;233m▄▝ [38;5;234;48;5;233m▍[38;5;233;48;5;234m▗▅[38;5;234;48;5;233m▔▂▖[0m
[38;5;233;48;5;232m▗▅▃▁[48;5;233m  [38;5;232m▌    ▌[38;5;233;48;5;234m▄  [38;5;234;48;5;233m▘ [48;5;232m  [38;5;16m▗▊ [38;5;232;48;5;234m▊[38;5;233m▗[48;5;232m▏  [38;5;235m▕[48;5;234m [38;5;234;48;5;233m▅[38;5;235;48;5;234m▕[48;5;235m [38;5;234m▍[38;5;235;48;5;233m▊[38;5;233;48;5;232m▖[48;5;16m          [48;5;232m▕[48;5;235m▊▝[38;5;235;48;5;234m▂[48;5;235m [48;5;237m▅[38;5;234;48;5;233m▘▗  [38;5;235m▂  [38;5;232m▞[48;5;232m   [38;5;236;48;5;234m▗[48;5;235m▝[38;5;235;48;5;234m▍ [38;5;236m▝[38;5;234;48;5;236m▆[48;5;234m      [48;5;233m ▘ ▝[38;5;233;48;5;234m▃[48;5;233m [0m
[38;5;233;48;5;233m    [38;5;234m▃▄▄▄[38;5;233;48;5;234m▔[38;5;236m▁[38;5;240;48;5;233m▂[38;5;60;48;5;234m▂[38;5;240m▃[38;5;239m▃[38;5;238;48;5;233m▃[48;5;234m▃[38;5;233;48;5;232m▏▁ [38;5;232;48;5;16m▏[38;5;236;48;5;232m▃[38;5;232;48;5;16m▃[38;5;60;48;5;233m▃[38;5;239;48;5;235m▖[38;5;236;48;5;233m▁[38;5;60;48;5;234m▃[48;5;233m▖[38;5;233;48;5;232m▔[38;5;60;48;5;237m▗[38;5;67;48;5;236m▃[38;5;60;48;5;235m▃▃[38;5;236;48;5;234m▏[38;5;67;48;5;235m▃[38;5;60;48;5;233m▃[38;5;234;48;5;16m▁         [38;5;236;48;5;232m▁[38;5;240;48;5;234m▃[38;5;60;48;5;236m▃[38;5;238;48;5;235m▏[38;5;235;48;5;237m▃[38;5;236;48;5;234m▎[48;5;233m [38;5;234m▝[38;5;16;48;5;232m▊[38;5;233;48;5;234m▕[38;5;232;48;5;16m▔[48;5;233m   [38;5;233;48;5;232m▖  [48;5;235m▆[48;5;234m [38;5;235m▏[38;5;60m▁[38;5;240m▁▁▂▁[38;5;238m▁ [38;5;234;48;5;233m▔▃[38;5;236;48;5;234m▂[38;5;237;48;5;233m▂[38;5;235;48;5;234m▂ ▕[38;5;8;48;5;235m▞[0m
[38;5;235;48;5;233m▁[38;5;237m▁▂▃[38;5;236m▄▅[38;5;237m▆[38;5;8;48;5;234m▆[38;5;235;48;5;238m▔[38;5;237m▂ [38;5;238;48;5;239m▗[38;5;237m▕▘[38;5;239;48;5;60m▃[38;5;60;48;5;236m▋[38;5;239;48;5;234m▆[38;5;236;48;5;239m▔[38;5;235;48;5;232m▏[38;5;239m▃▋[38;5;232;48;5;238m▊[48;5;60m [38;5;236;48;5;240m▞[48;5;60m▘ [38;5;60;48;5;66m▕[38;5;238;48;5;232m▖[38;5;233;48;5;66m▌[38;5;60;48;5;67m▂[48;5;103m▁[38;5;238;48;5;67m▔[38;5;60;48;5;236m▄[48;5;235m▞[38;5;236;48;5;60m▖[38;5;103;48;5;236m▌[48;5;16m        [38;5;234m▁[38;5;67;48;5;238m▆[48;5;103m▔ [48;5;237m▖[38;5;238;48;5;235m▖[38;5;234;48;5;16m▎[48;5;233m▘[38;5;235;48;5;16m▘ [38;5;232m▔▝▔[38;5;16;48;5;232m▂[38;5;232;48;5;233m▂[48;5;232m   [38;5;235;48;5;233m▂[38;5;60;48;5;235m▂[48;5;237m▆[48;5;239m▅[38;5;8;48;5;60m▂[38;5;239m▏[48;5;240m▘[48;5;238m [38;5;238;48;5;239m▎[38;5;239;48;5;240m▘[38;5;238m▂[38;5;237;48;5;239m▝[38;5;239;48;5;236m▄[38;5;238;48;5;234m▆▆[38;5;235;48;5;239m▔[38;5;8;48;5;235m▍[38;5;234m▄[0m
[38;5;236;48;5;236m [48;5;237m▖▘▁ [38;5;237;48;5;236m▆[48;5;8m▔[38;5;8;48;5;238m▅[38;5;238;48;5;239m▅[38;5;237m▅▂[38;5;236m▃[38;5;238;48;5;240m▄[38;5;237m▅[48;5;238m▝[38;5;238;48;5;236m▆[38;5;237;48;5;239m▔▔[38;5;235m▔▗[48;5;232m▏[38;5;232;48;5;239m▊[38;5;239;48;5;240m▕[38;5;238m▏[38;5;239;48;5;60m▃▃▃[38;5;60;48;5;233m▌[38;5;236;48;5;232m▝[38;5;239;48;5;60m▁[38;5;8m▃[38;5;60;48;5;238m▆[48;5;67m▃[38;5;240m▂[38;5;233;48;5;240m▂[48;5;239m▅[38;5;60;48;5;233m▘[38;5;233;48;5;232m▏[48;5;16m     [38;5;232m▕[38;5;234;48;5;238m▞[38;5;237;48;5;60m▂[38;5;233m▂[38;5;240;48;5;67m▆[48;5;60m▆[38;5;237m▔[38;5;239;48;5;234m▌[38;5;234;48;5;16m▂[38;5;232m▖ ▁ [38;5;233m▁[38;5;239;48;5;232m▁[38;5;60m▂[38;5;235;48;5;233m▁[48;5;232m▕[38;5;239;48;5;233m▅[38;5;235;48;5;239m▔[38;5;237;48;5;60m▂[38;5;239m▃[38;5;238m▃▄[38;5;235;48;5;240m▂[38;5;237m▄[38;5;8;48;5;239m▆[38;5;239;48;5;237m▃[38;5;237;48;5;238m▘[48;5;239m▗[38;5;238m▔[38;5;237m▂[38;5;239;48;5;237m▆[38;5;236;48;5;238m▁[48;5;8m▁[38;5;238;48;5;236m▄[38;5;236;48;5;8m▁[0m
[38;5;233;48;5;235m▄[38;5;234m▆[38;5;235;48;5;234m▄▅[38;5;234;48;5;235m▁▂[38;5;236;48;5;234m▔▔[38;5;235;48;5;236m▃[38;5;237m▔[38;5;236;48;5;235m▆▆[38;5;239;48;5;236m▔[38;5;236;48;5;238m▆▆[48;5;237m▃[38;5;232m▁▂▅[38;5;233;48;5;232m▔[38;5;232;48;5;235m▌[48;5;237m▘[38;5;239m▔▔[38;5;237;48;5;8m▂[38;5;236;48;5;238m▂[38;5;237;48;5;239m▅[38;5;8;48;5;233m▋[38;5;233;48;5;232m▎[48;5;237m▍[38;5;237;48;5;238m▃[38;5;236;48;5;239m▂[38;5;8;48;5;60m▅[38;5;239;48;5;234m▘[48;5;16m             [38;5;16;48;5;235m▆[38;5;233;48;5;8m▃[48;5;239m▆[38;5;235;48;5;232m▘[48;5;233m▔[38;5;233;48;5;16m▔   [38;5;238;48;5;233m▝[38;5;233;48;5;238m▂[38;5;232m▂[38;5;234;48;5;232m▏[48;5;233m▄[48;5;238m▆[48;5;8m▁[38;5;235m▔[48;5;237m▘[38;5;236;48;5;8m▗[38;5;235m▃▂[38;5;236m▃[38;5;237;48;5;238m▆[38;5;236;48;5;237m▃[38;5;234m▃[38;5;235m▃▗[48;5;8m▅[48;5;237m▅[48;5;236m▝[38;5;234m▃[48;5;237m▃▃[0m
[38;5;233;48;5;235m▄▄[48;5;234m▅▖▂[38;5;232m▃[38;5;233;48;5;235m▅[38;5;232;48;5;234m▂[48;5;235m▃[48;5;234m▃[48;5;235m▆▅▅▆[38;5;234;48;5;232m▔   [48;5;233m [38;5;233;48;5;235m▔[38;5;234m▃[48;5;236m▃▃[38;5;233m▃[38;5;232m▄[38;5;233m▆[38;5;234;48;5;237m▆[38;5;235;48;5;233m▃[38;5;234m▖[38;5;16;48;5;236m▄[48;5;235m▅[38;5;233;48;5;16m▔[38;5;234m▔                  [38;5;233m▔[48;5;232m▘[48;5;16m    [38;5;16;48;5;232m▆▃[38;5;233m▖    [38;5;234m▔[38;5;236m▔[38;5;232;48;5;235m▆[38;5;236;48;5;233m▔[38;5;232;48;5;236m▅[38;5;233m▄▃[38;5;232;48;5;235m▂[38;5;233m▁[38;5;236m▔ [38;5;234m▔▃[38;5;235;48;5;236m▅[38;5;234;48;5;235m▂[38;5;233m▂[0m
[38;5;232;48;5;233m▂▅▅[38;5;233;48;5;232m▘     [38;5;234m▔        ▔[38;5;233m▔[38;5;232;48;5;233m▆▆[38;5;233;48;5;232m▔  [38;5;235;48;5;233m▗[48;5;232m▘[48;5;16m                             [38;5;232m▘  [38;5;16;48;5;233m▍[48;5;232m▁         [38;5;233m▔  ▔[38;5;232;48;5;234m▅[38;5;233m▅▁▘ ▖[0m
[?25h